" 3 54 22
&lt 11 76 49
's 5 125 25
've 1 150 5
( 3 155 25
) 3 180 25
+ 1 205 6
, 13 211 169
- 1 380 5
-- 2 385 14
. 15 399 131
.125 1 530 4
0.39 1 534 5
0.75 1 539 5
0.99 1 544 4
1 1 548 4
1,545,160 1 552 4
1,655.8 1 556 4
1,750 1 560 5
1,780 1 565 5
1,850 1 570 5
1,870 1 575 5
1,875 1 580 5
1,880 1 585 6
1.00 1 591 5
1.06 1 596 5
1.19 1 601 4
1.21 1 605 4
1.24 1 609 4
1.25 1 613 7
1.27 1 620 4
1.35 1 624 4
1.4 1 628 4
1.50 1 632 5
1.53 2 637 9
1.56 1 646 4
1.59 1 650 4
1.65 1 654 4
1.92 1 658 4
10 1 662 4
10.0 1 666 5
100 1 671 5
100.9 1 676 5
107.3 1 681 5
11 3 686 12
111.8 1 698 4
117.6 1 702 5
119.05 1 707 4
12 3 711 12
12.6 1 723 4
13 2 727 8
13.0 1 735 5
13.2 1 740 4
132,000 1 744 4
14.5 2 748 9
145.3 1 757 5
149.8 1 762 5
15 3 767 13
15.0 1 780 4
15.8 1 784 4
15.9 1 788 5
151.1 1 793 4
155,221 1 797 4
16,000 1 801 4
16.1 1 805 4
164.6 1 809 4
166.1 1 813 5
182.4 1 818 5
19 1 823 5
19.5 1 828 4
1978 1 832 4
1981 1 836 5
1984 1 841 5
1985 2 846 8
1985/86 1 854 4
1986 7 858 28
1986/87 2 886 10
1987 2 896 9
1987/88 1 905 5
1988 2 910 11
1st 1 921 4
2,188,933 1 925 4
2,227,000 1 929 4
2,285,000 1 933 4
2,325 1 937 5
2,330,000 1 942 4
2,375 1 946 5
2,380 1 951 5
2,400 1 956 5
2,692.4 1 961 4
2,858,000 1 965 4
2,986,000 1 969 4
2.0 1 973 6
2.27 1 979 7
2.28 1 986 5
2.34 1 991 4
2.4 1 995 4
2.40 1 999 4
2.55 1 1003 6
2.65 1 1009 4
20 3 1013 13
20.0 1 1026 6
20.4 1 1032 5
200,000 1 1037 6
203,000 1 1043 4
21.1 1 1047 5
21.6 1 1052 4
218.5 1 1056 5
22 1 1061 4
23 2 1065 8
23.6 1 1073 5
24.5 1 1078 5
25 2 1083 8
25.1 1 1091 5
25.2 1 1096 4
27 2 1100 9
28 3 1109 13
291.8 1 1122 4
298.5 1 1126 4
299.2 1 1130 4
2nd 1 1134 4
3,376,000 1 1138 4
3,971,000 1 1142 4
3.07 2 1146 9
3.08 2 1155 9
3.15 1 1164 5
3.2 1 1169 5
3.25 1 1174 4
3.25-i 1 1178 4
3.47 1 1182 4
3.7 1 1186 5
30 1 1191 4
31 3 1195 12
315.2 1 1207 4
32.9 1 1211 5
327.2 1 1216 4
33.7 1 1220 5
337 1 1225 5
337.3 1 1230 4
34 2 1234 8
34.8 1 1242 5
340 1 1247 5
35 2 1252 9
350 1 1261 5
36 1 1266 4
37 1 1270 5
37,000 1 1275 4
37.4 1 1279 5
39 1 1284 4
39.9 1 1288 4
4,104,000 1 1292 4
4,161.0 1 1296 4
4,340 1 1300 5
4,345 1 1305 5
4,350 1 1310 5
4,351 1 1315 5
4,400 1 1320 5
4,415 1 1325 5
4,450 1 1330 5
4,480 1 1335 5
4,841,000 1 1340 4
4.06 1 1344 4
4.15 1 1348 4
4.45 1 1352 4
4.65 1 1356 5
40 2 1361 9
41.1 1 1370 4
42 1 1374 4
43.4 1 1378 4
440.3 1 1382 4
442,000 1 1386 4
45 1 1390 5
45.1 1 1395 5
472.3 1 1400 4
479.7 1 1404 4
48.0 1 1408 5
48.6 1 1413 5
48.7 1 1418 4
4th 5 1422 20
5,050,044 1 1442 4
5,086,000 1 1446 4
5.36 1 1450 5
5.54 1 1455 4
5.81 1 1459 4
5.93 1 1463 4
5/14/82 1 1467 5
50 1 1472 4
50,000 1 1476 4
51.6 1 1480 4
51.7 1 1484 4
510.2 1 1488 4
55,000 1 1492 4
55.8 1 1496 5
569.3 1 1501 4
6 1 1505 4
6,635,318 1 1509 4
6.13 1 1513 5
6.2 1 1518 5
6.3 1 1523 5
6.4 1 1528 5
6.8 1 1533 5
60 1 1538 4
61.5 1 1542 5
61.8 1 1547 5
66 2 1552 9
66.0 1 1561 5
66.2 2 1566 9
67.1 1 1575 4
7,075,000 1 1579 4
7.0 1 1583 5
7.5 1 1588 4
7.9 1 1592 4
7/1/82 1 1596 5
72 1 1601 5
72,000 1 1606 4
720.4 1 1610 5
73 1 1615 4
75 1 1619 5
753 1 1624 5
76.1 1 1629 5
77.4 1 1634 4
785 1 1638 6
80.8 1 1644 5
807,000 1 1649 4
82 1 1653 4
82.7 1 1657 5
848,600 1 1662 4
87.4 1 1666 5
872.0 1 1671 4
9.0 1 1675 5
92.2 1 1680 4
995 1 1684 5
997.1 1 1689 4
: 5 1693 22
; 11 1715 49
> 11 1764 49
a 8 1813 56
accept 1 1869 4
acquir 1 1873 4
acquisit 2 1877 12
act 1 1889 5
addit 1 1894 5
adjust 2 1899 8
administr 1 1907 5
after 4 1912 22
again 1 1934 4
against 1 1938 7
agricultur 2 1945 8
all 1 1953 5
allevi 1 1958 4
almost 1 1962 5
alon 1 1967 5
also 5 1972 24
although 1 1996 4
am 1 2000 5
an 5 2005 21
analyst 1 2026 6
and 11 2032 85
ani 2 2117 9
ann 1 2126 5
announc 1 2131 4
annual 3 2135 13
anticip 1 2148 4
apprais 1 2152 5
approv 2 2157 9
apr 1 2166 10
april 5 2176 22
april/may 1 2198 5
are 3 2203 19
area 1 2222 6
argentin 1 2228 5
argentina 1 2233 5
around 1 2238 5
arrang 1 2243 5
arriv 1 2248 5
arroba 1 2253 5
as 6 2258 28
asset 2 2286 9
associ 1 2295 4
at 3 2299 34
aug 1 2333 5
aug/sept 1 2338 7
australia 1 2345 5
author 1 2350 4
avail 3 2354 13
averag 1 2367 5
avg 2 2372 10
award 1 2382 5
b 1 2387 4
bag 1 2391 9
bahia 1 2400 9
barley 1 2409 4
be 6 2413 33
bean 1 2446 6
becaus 1 2452 4
been 3 2456 13
below 1 2469 4
benefit 1 2473 6
beverag 1 2479 5
bfd 1 2484 4
bfdb 1 2488 4
billion 2 2492 9
bit 1 2501 5
blender 1 2506 6
board 3 2512 14
bonu 1 2526 7
book 1 2533 5
both 2 2538 8
bottom 1 2546 5
bracket 1 2551 4
brazil 1 2555 5
brazilian 1 2560 5
bread 1 2565 4
brown-forman 2 2569 13
busi 1 2582 4
but 2 2586 9
butter 1 2595 6
buy 1 2601 4
buyer 1 2605 5
by 2 2610 9
cake 1 2619 5
calcul 1 2624 4
call 1 2628 5
canada 1 2633 5
capit 3 2638 12
carniv 1 2650 5
carri 1 2655 4
carryforward 1 2659 4
cash 1 2663 8
cathod 1 2671 4
cbco 1 2675 4
ccc 1 2679 5
cent 1 2684 6
certain 1 2690 4
certif 1 2694 5
ch 1 2699 4
chairman 1 2703 4
champion 1 2707 5
chang 1 2712 4
charg 1 2716 5
chicago 1 2721 5
circumst 1 2726 4
cite 1 2730 4
class 1 2734 6
co 3 2740 12
co. 1 2752 5
cobanco 1 2757 4
cocoa 1 2761 11
come 1 2772 5
comissaria 1 2777 9
commiss 1 2786 5
commod 1 2791 5
common 3 2796 14
compani 6 2810 34
complet 2 2844 9
comput 1 2853 10
condit 1 2863 4
conduct 1 2867 5
connect 1 2872 5
consid 1 2877 4
consider 1 2881 5
consign 1 2886 5
continu 3 2891 13
control 1 2904 4
convert 1 2908 5
copper 1 2913 6
corn 1 2919 4
corn/sorghum 1 2923 5
corp 3 2928 13
corpor 2 2941 9
cost 1 2950 5
cover 2 2955 9
covert 1 2964 5
cpml 1 2969 4
credit 2 2973 8
crop 2 2981 14
cruzado 1 2995 5
ct 10 3000 60
cumul 1 3060 4
currenc 1 3064 6
current 3 3070 14
cut 1 3084 4
cwt 1 3088 6
dairi 1 3094 5
dean 1 3099 9
dec 1 3108 7
decemb 2 3115 10
declar 1 3125 4
declin 2 3129 9
delay 1 3138 5
deliv 1 3143 4
deliveri 1 3147 5
depart 2 3152 8
deposit 1 3160 4
deriv 1 3164 5
destin 1 3169 5
detail 1 3174 4
df 1 3178 4
dificulti 1 3182 5
director 2 3187 8
div 2 3195 8
dividend 4 3203 18
dlr 10 3221 73
dlrs/bu-sorghum 1 3294 4
dot 1 3298 5
doubt 1 3303 5
dougla 1 3308 8
dri 1 3316 4
drop 1 3320 6
drought 1 3326 4
due 2 3330 10
e.b.i 1 3340 5
each 1 3345 4
earli 3 3349 13
earlier 3 3362 13
earn 3 3375 18
ee 1 3393 4
effect 3 3397 13
eight 1 3410 4
electron 1 3414 4
elgin 1 3418 5
end 3 3423 15
enhanc 1 3438 4
enough 1 3442 5
ensur 1 3447 5
enter 1 3452 5
entri 1 3457 5
equal 1 3462 4
esquir 1 3466 4
estim 2 3470 11
exceed 2 3481 11
exclud 1 3492 4
exclus 1 3496 5
exercis 1 3501 5
expect 3 3506 14
expens 1 3520 4
experi 1 3524 5
experienc 1 3529 5
export 3 3534 16
extraordinari 1 3550 4
fall 1 3554 4
farmer 1 3558 6
farmer-own 1 3564 5
favor 1 3569 4
feb 1 3573 11
februari 4 3584 20
feedgrain 1 3604 4
few 1 3608 5
figur 2 3613 10
final 1 3623 5
first 2 3628 11
fiscal 3 3639 15
fit 1 3654 5
five 3 3659 12
five-day 1 3671 4
flour 1 3675 6
flow 1 3681 6
fob 1 3687 5
follow 2 3692 8
food 1 3700 8
for 10 3708 63
form 2 3771 9
forward 1 3780 4
four 3 3784 12
fourth 1 3796 6
from 7 3802 33
frozen 1 3835 5
fund 1 3840 5
futur 2 3845 9
gain 2 3854 8
gener 1 3862 5
get 1 3867 4
go 1 3871 5
good 1 3876 5
grain 2 3881 9
grain/oilse 1 3890 4
group 1 3894 5
ha 5 3899 22
had 2 3921 8
hand 1 3929 5
harvest 1 3934 4
have 3 3938 14
he 1 3952 6
held 1 3958 5
help 1 3963 5
higher 1 3968 4
highest 1 3972 4
hold 1 3976 4
holder 1 3980 4
home 1 3984 4
hous 1 3988 4
houston 1 3992 5
how 1 3997 5
howard 1 4002 5
humid 1 4007 4
hundr 1 4011 5
i 1 4016 4
if 1 4020 4
ii 1 4024 4
iii 1 4028 4
immedi 1 4032 4
impact 1 4036 5
improv 5 4041 24
in 10 4065 63
inc 10 4128 43
includ 5 4171 22
increas 3 4193 14
initi 1 4207 4
intern 1 4211 4
inventori 1 4215 4
involv 1 4219 4
is 6 4223 27
issu 1 4250 5
it 9 4255 57
iv 1 4312 8
jan 1 4320 4
januari 3 4324 15
japan 1 4339 5
john 1 4344 4
jul 1 4348 5
juli 2 4353 11
jun 1 4364 6
june/juli 1 4370 7
kenneth 1 4377 4
kilo 1 4381 6
kingdom 1 4387 5
label 1 4392 5
larsen 1 4397 5
last 3 4402 12
late 3 4414 13
latest 1 4427 5
law 1 4432 4
lb 2 4436 9
level 2 4445 12
licens 1 4457 5
license 2 4462 9
life 1 4471 4
light 1 4475 5
like 1 4480 5
limit 1 4485 7
line 1 4492 5
linoil 1 4497 5
linse 1 4502 5
liquor 1 4507 5
loan 2 4512 9
long 1 4521 4
loss 2 4525 10
lower 4 4535 18
ltd 1 4553 5
lugano 1 4558 4
made 2 4562 9
magma 1 4571 5
maiz 1 4576 4
major 1 4580 5
make 2 4585 9
mar 1 4594 10
march 6 4604 28
march-may 1 4632 4
march/april 1 4636 7
market 2 4643 10
matrix 1 4653 5
mattress 1 4658 5
matur 1 4663 4
may 4 4667 22
mcd 1 4689 5
mcdonald 1 4694 5
mean 1 4699 4
meet 1 4703 4
midday 1 4707 5
middl 1 4712 4
middlemen 1 4716 5
milk 1 4721 5
mine 1 4726 4
minor 1 4730 4
mln 12 4734 82
money 1 4816 5
month 2 4821 9
move 1 4830 5
mth 3 4835 13
much 1 4848 5
mutual 1 4853 5
n.a 1 4858 4
n.a.-not 1 4862 5
n.v. 1 4867 4
name 1 4871 5
nar 1 4876 5
nation 2 4881 9
natl 1 4890 5
near-record 1 4895 4
nearbi 1 4899 5
net 6 4904 30
new 2 4934 17
newmont 1 4951 4
nil 2 4955 15
nine 3 4970 13
normal 1 4983 4
north 1 4987 5
not 4 4992 17
note 5 5009 20
novemb 1 5029 4
now 1 5033 5
oat 1 5038 4
obod 1 5042 4
obtain 1 5046 5
occur 1 5051 4
oct 1 5055 4
oct/dec 1 5059 7
of 15 5066 107
off 1 5173 4
offer 2 5177 9
ohio 1 5186 5
oil 1 5191 6
oilse 1 5197 5
old 2 5202 8
omt 1 5210 4
on 3 5214 16
one 3 5230 12
onli 1 5242 5
open 1 5247 6
oper 3 5253 18
or 5 5271 26
our 1 5297 5
outlook 1 5302 4
outstand 2 5306 8
over 1 5314 5
overal 1 5319 5
owen 1 5324 4
own 1 5328 4
pace 1 5332 4
paid 2 5336 8
part 2 5344 10
pay 2 5354 9
payabl 2 5363 8
payment 1 5371 4
payout 1 5375 4
pct 5 5379 24
per 6 5403 29
perform 1 5432 4
period 4 5436 18
pillsburi 1 5454 4
plan 1 5458 5
port 1 5463 7
portion 1 5470 4
practic 1 5474 4
prefer 1 5478 4
presid 1 5482 5
presidenti 1 5487 4
prev 1 5491 11
previous 1 5502 4
price 4 5506 24
printer 1 5530 5
prior 5 5535 21
probabl 1 5556 4
processor 2 5560 9
product 3 5569 14
profit 4 5583 28
program 1 5611 4
project 1 5615 5
prospect 1 5620 4
provid 1 5624 5
publish 1 5629 5
purchas 2 5634 8
qtli 1 5642 5
qtr 7 5647 29
qualiti 1 5676 5
quarter 3 5681 19
quarterli 1 5700 5
radio 1 5705 4
rais 2 5709 8
rang 1 5717 4
rate 3 5721 16
rate-x 1 5737 5
realti 1 5742 4
realtor 1 5746 4
reason 1 5750 4
recent 1 5754 5
recommend 1 5759 4
record 5 5763 21
reflect 1 5784 4
reform 1 5788 5
regist 1 5793 5
registr 1 5798 8
relat 1 5806 4
releas 1 5810 5
reluct 1 5815 5
reorgan 1 5820 5
repeat 1 5825 4
report 4 5829 17
reserv 1 5846 6
restor 1 5852 4
restructur 1 5856 6
result 3 5862 13
reuter 1 5875 5
rev 4 5880 20
review 1 5900 5
right 1 5905 5
rose 2 5910 10
routin 1 5920 5
ryan 1 5925 5
said 9 5930 64
sale 7 5994 39
same 2 6033 8
say 1 6041 4
seali 1 6045 5
season 2 6050 8
second 1 6058 5
sedio 1 6063 5
see 1 6068 4
seek 1 6072 4
seem 1 6076 4
sell 1 6080 5
seller 1 6085 4
sept 1 6089 6
set 2 6095 8
seven 3 6103 13
share 5 6116 33
sharehold 2 6149 10
shipment 3 6159 14
shipper 1 6173 6
should 1 6179 5
show 1 6184 5
shower 1 6189 4
shr 5 6193 30
signific 1 6223 4
sinc 2 6227 8
six 1 6235 6
slightli 1 6241 4
smith 1 6245 9
sold 2 6254 11
some 1 6265 4
sorghum 2 6269 8
soybean 1 6277 6
split 2 6283 12
spot 1 6295 5
stage 1 6300 4
stand 1 6304 5
still 1 6309 6
stock 4 6315 21
stockhold 1 6336 4
strong 2 6340 8
subproduct 1 6348 5
subsidiari 1 6353 4
substanti 2 6357 9
sunflowerse 1 6366 5
sunoil 1 6371 5
superior 1 6376 5
surpris 1 6381 4
switzerland 1 6385 4
system 1 6389 5
tag 1 6394 5
tax 4 6399 18
technolgi 1 6417 5
technolog 1 6422 6
temporao 1 6428 5
termin 1 6433 10
tex 1 6443 5
than 2 6448 8
that 4 6456 16
the 10 6472 122
their 2 6594 9
there 1 6603 6
these 1 6609 4
thi 2 6613 10
third 1 6623 4
third-quart 1 6627 4
those 2 6631 8
thousand 2 6639 9
three-for-two 1 6648 4
through 1 6652 4
throughout 1 6656 4
ticket 1 6660 5
time 2 6665 16
to 11 6681 86
today 1 6767 4
told 1 6771 6
ton 1 6777 4
tonn 3 6781 14
too 1 6795 4
total 3 6799 27
trade 1 6826 5
treatment 1 6831 4
tuccillo 1 6835 4
two 1 6839 4
two-for-on 1 6843 4
typic 1 6847 4
u.s. 3 6851 14
under 3 6865 13
unit 3 6878 15
univers 1 6893 4
up 4 6897 16
upco 1 6913 4
uruguay 1 6917 6
us 1 6923 5
usda 1 6928 4
v 1 6932 9
variou 1 6941 5
veget 2 6946 10
vi 1 6956 5
view 1 6961 5
vote 1 6966 4
vs 6 6970 52
wa 4 7022 17
warrant 1 7039 6
we 1 7045 5
week 2 7050 12
weekli 1 7062 4
well 1 7066 4
went 1 7070 5
were 3 7075 23
west 1 7098 5
wheat 3 7103 18
wheat/barley 1 7121 5
whether 1 7126 4
which 1 7130 5
will 4 7135 18
with 2 7153 14
woodco 1 7167 6
worldwid 1 7173 5
would 5 7178 24
x 1 7202 4
x-1986 1 7206 5
y-dlr 1 7211 5
year 7 7216 38
year-ago 1 7254 4
yemen 1 7258 5
york 1 7263 12
yr 1 7275 4
zone 1 7279 4
